0.6002108774380708
0.6051124287304895
0.6062095276082108
0.6033273722361476
0.5963060867368601
0.5850020203137557
0.5692890042539945
0.5490595599851584
0.5242260514633525
0.49472177530744577
0.4605019822643218
0.4215448237930573
0.3778522177912417
0.32945062775360784
0.27639174995080856
0.21875310354367927
0.15663851890437877
0.09017851979922355
0.019530595497231507
-0.055120640698045294
-0.1335634095397909
-0.2155588431219121
-0.3008411834298812
-0.3891181037204033
-0.4800711537653327
-0.57335632945632
-0.6686047667181354
-0.765423559122406
-0.8633966980325629
-0.96208613354721
-1.061032953945969
-1.1597586807812363
-1.2577666762041084
-1.3545436585656006
-1.4495613217975816
-1.5422780535544478
-1.6321407465887245
-1.7185866973442394
-1.8010455852814817
-1.878941526003802
-1.9516951908322926
-2.0187259850839188
-2.079454276943551
-2.133303668488246
-2.1797033001229527
-2.2180901794226955
-2.2479115251486954
-2.268627117016092
-2.27971164164042
-2.2806570249795035
-2.2709747415181547
-2.2501980904154637
-2.217884428849198
-2.17361735284922
-2.117008816011801
-2.047701176629716
-1.9653691639579707
-1.8697217545625653
-1.760503949967922
-1.6374984471280998
-1.5005271935951763
-1.3494528196452733
-1.1841799400464221
-1.0046563186114852
-0.8108738891721364
-0.6028696271341054
-0.3807262663279788
-0.14457285645105183
0.1054148429977088
0.3690141357587194
0.6459553316488048
0.9359218613480915
1.2385505646096626
1.5534321526727168
1.8801118449586067
2.218090179422697
2.5668239952251937
2.925727585675465
3.2941740186986364
3.671496621374488
4.056990624409486
4.449914961726207
4.849494219693692
5.25492072988027
5.665356798589565
6.079937065844586
6.497770985915282
6.917945420945684
7.339527338729335
7.761566605208727
8.183098861837907
8.603148477551153
9.020731564721233
9.43485904817886
9.844539776092164
10.24878366127982
10.646604841352767
11.037024845946258
11.419075759220801
11.791803365774246
12.154270268120934
12.50555896395583
12.844774871532534
13.171049291643554
13.483542294898664
13.781445523251788
14.063984895027701
14.330423203045594
14.580062595826421
14.812246932302173
15.02636400091784
15.221847594526595
15.398179433026236
15.554890926264997
15.691564770357918
15.807836371195934
15.903395089597998
15.977985303247735
16.03140728126826
16.06351786801823
16.07423097343654
16.06351786801823
16.03140728126826
15.977985303247735
15.903395089597998
15.807836371195934
15.691564770357918
15.554890926264997
15.398179433026236
15.221847594526595
15.02636400091784
14.812246932302173
14.580062595826421
14.330423203045594
14.063984895027701
13.781445523251788
13.483542294898664
13.171049291643554
12.844774871532534
12.50555896395583
12.154270268120934
11.791803365774246
11.419075759220801
11.037024845946258
10.646604841352767
10.24878366127982
9.844539776092164
9.43485904817886
9.020731564721233
8.603148477551153
8.183098861837907
7.761566605208727
7.339527338729335
6.917945420945684
6.497770985915282
6.079937065844586
5.665356798589565
5.25492072988027
4.849494219693692
4.449914961726207
4.056990624409486
3.671496621374488
3.2941740186986364
2.925727585675465
2.5668239952251937
2.218090179422697
1.8801118449586067
1.5534321526727168
1.2385505646096626
0.9359218613480915
0.6459553316488048
0.3690141357587194
0.1054148429977088
-0.14457285645105183
-0.3807262663279788
-0.6028696271341054
-0.8108738891721364
-1.0046563186114852
-1.1841799400464221
-1.3494528196452733
-1.5005271935951763
-1.6374984471280998
-1.760503949967922
-1.8697217545625653
-1.9653691639579707
-2.047701176629716
-2.117008816011801
-2.17361735284922
-2.217884428849198
-2.2501980904154637
-2.2709747415181547
-2.2806570249795035
-2.27971164164042
-2.268627117016092
-2.2479115251486954
-2.2180901794226955
-2.1797033001229527
-2.133303668488246
-2.079454276943551
-2.0187259850839188
-1.9516951908322926
-1.878941526003802
-1.8010455852814817
-1.7185866973442394
-1.6321407465887245
-1.5422780535544478
-1.4495613217975816
-1.3545436585656006
-1.2577666762041084
-1.1597586807812363
-1.061032953945969
-0.96208613354721
-0.8633966980325629
-0.765423559122406
-0.6686047667181354
-0.57335632945632
-0.4800711537653327
-0.3891181037204033
-0.3008411834298812
-0.2155588431219121
-0.1335634095397909
-0.055120640698045294
0.019530595497231507
0.09017851979922355
0.15663851890437877
0.21875310354367927
0.27639174995080856
0.32945062775360784
0.3778522177912417
0.4215448237930573
0.4605019822643218
0.49472177530744577
0.5242260514633525
0.5490595599851584
0.5692890042539945
0.5850020203137557
0.5963060867368601
0.6033273722361476
0.6062095276082108
0.6051124287304895
0.6002108774380708
